1 0.307788944723618 0.727678571428571 0.0527638190954774 0.125
1 0.319095477386935 0.566964285714286 0.050251256281407 0.116071428571429
1 0.28894472361809 0.946428571428571 0.0452261306532663 0.107142857142857
1 0.508793969849246 0.310267857142857 0.0326633165829146 0.102678571428571
1 0.613065326633166 0.178571428571429 0.0351758793969849 0.0892857142857143
1 0.562814070351759 0.439732142857143 0.0301507537688442 0.09375
1 0.733668341708543 0.479910714285714 0.0402010050251256 0.102678571428571
1 0.837939698492462 0.598214285714286 0.042713567839196 0.107142857142857
1 0.9321608040201 0.883928571428571 0.0552763819095477 0.160714285714286
1 0.881909547738693 0.453125 0.0351758793969849 0.102678571428571
1 0.915829145728643 0.270089285714286 0.0276381909547739 0.0848214285714286
2 0.675879396984925 0.522321428571429 0.0402010050251256 0.116071428571429
1 0.428481694185212 0.386639030612245 0.0421751615218951 0.110012755102041
1 0.464375448671931 0.502232142857143 0.0314070351758794 0.105229591836735
